SNShot number,SLShot length in deciseconds,TCTimecode of the shot's end in deciseconds,Yaxis
1,58,58,0
2,60,118,0
3,75,193,0
4,25,218,0
5,25,243,0
6,41,284,0
7,34,318,0
8,26,344,0
9,15,359,0
10,41,400,0
11,11,411,0
12,9,420,0
13,6,426,0
14,16,442,0
15,16,458,0
16,18,476,0
17,10,486,0
18,17,503,0
19,29,532,0
20,26,558,0
21,14,572,0
22,41,613,0
23,47,660,0
24,28,688,0
25,49,737,0
26,11,748,0
27,14,762,0
28,9,771,0
29,5,776,0
30,4,780,0
31,5,785,0
32,7,792,0
33,5,797,0
34,5,802,0
35,6,808,0
36,5,813,0
37,11,824,0
38,4,828,0
39,5,833,0
40,5,838,0
41,6,844,0
42,5,849,0
43,5,854,0
44,5,859,0
45,4,863,0
46,5,868,0
47,15,883,0
48,9,892,0
49,12,904,0
50,10,914,0
51,10,924,0
52,22,946,0
53,27,973,0
54,13,986,0
55,72,1058,0
56,56,1114,0
57,55,1169,0
58,15,1184,0
59,29,1213,0
60,17,1230,0
61,9,1239,0
62,9,1248,0
63,7,1255,0
64,19,1274,0
65,6,1280,0
66,5,1285,0
67,8,1293,0
68,5,1298,0
69,5,1303,0
70,32,1335,0
71,12,1347,0
72,15,1362,0
73,30,1392,0
74,18,1410,0
75,13,1423,0
76,7,1430,0
77,6,1436,0
78,6,1442,0
79,5,1447,0
80,5,1452,0
81,9,1461,0
82,5,1466,0
83,6,1472,0
84,13,1485,0
85,8,1493,0
86,5,1498,0
87,15,1513,0
88,5,1518,0
89,5,1523,0
90,16,1539,0
91,25,1564,0
92,6,1570,0
93,7,1577,0
94,10,1587,0
95,8,1595,0
96,12,1607,0
97,20,1627,0
98,16,1643,0
99,3,1646,0
100,5,1651,0
101,4,1655,0
102,5,1660,0
103,4,1664,0
104,4,1668,0
105,10,1678,0
106,3,1681,0
107,4,1685,0
108,5,1690,0
109,6,1696,0
110,4,1700,0
111,5,1705,0
112,5,1710,0
113,5,1715,0
114,8,1723,0
115,10,1733,0
116,8,1741,0
117,8,1749,0
118,6,1755,0
119,4,1759,0
120,5,1764,0
121,7,1771,0
122,4,1775,0
123,5,1780,0
124,7,1787,0
125,8,1795,0
126,6,1801,0
127,6,1807,0
128,6,1813,0
129,7,1820,0
130,10,1830,0
131,10,1840,0
132,6,1846,0
133,9,1855,0
134,5,1860,0
135,9,1869,0
136,9,1878,0
137,8,1886,0
138,3,1889,0
139,5,1894,0
140,5,1899,0
141,10,1909,0
142,10,1919,0
143,18,1937,0
144,5,1942,0
145,7,1949,0
146,6,1955,0
147,5,1960,0
148,13,1973,0
149,12,1985,0
150,8,1993,0
151,10,2003,0
152,10,2013,0
153,6,2019,0
154,5,2024,0
155,5,2029,0
156,6,2035,0
157,5,2040,0
158,8,2048,0
159,6,2054,0
160,7,2061,0
161,10,2071,0
162,9,2080,0
163,5,2085,0
164,9,2094,0
165,6,2100,0
166,7,2107,0
167,10,2117,0
168,10,2127,0
169,38,2165,0
170,13,2178,0
171,7,2185,0
172,8,2193,0
173,9,2202,0
174,11,2213,0
175,5,2218,0
176,13,2231,0
177,6,2237,0
178,11,2248,0
179,7,2255,0
180,16,2271,0
181,9,2280,0
182,16,2296,0
183,11,2307,0
184,11,2318,0
185,11,2329,0
186,18,2347,0
187,5,2352,0
188,7,2359,0
189,5,2364,0
190,4,2368,0
191,5,2373,0
192,5,2378,0
193,10,2388,0
194,11,2399,0
195,14,2413,0
196,7,2420,0
197,15,2435,0
198,54,2489,0
199,5,2494,0
200,6,2500,0
201,5,2505,0
202,5,2510,0
203,6,2516,0
204,6,2522,0
205,5,2527,0
206,7,2534,0
207,10,2544,0
208,7,2551,0
209,8,2559,0
210,7,2566,0
211,4,2570,0
212,8,2578,0
213,10,2588,0
214,5,2593,0
215,10,2603,0
216,5,2608,0
217,9,2617,0
218,6,2623,0
219,20,2643,0
220,23,2666,0
221,15,2681,0
222,7,2688,0
223,14,2702,0
224,18,2720,0
225,23,2743,0
226,11,2754,0
227,16,2770,0
228,5,2775,0
229,8,2783,0
230,8,2791,0
231,28,2819,0
232,5,2824,0
233,5,2829,0
234,6,2835,0
235,8,2843,0
236,8,2851,0
237,7,2858,0
238,10,2868,0
239,24,2892,0
240,27,2919,0
241,17,2936,0
242,15,2951,0
243,32,2983,0
244,15,2998,0
245,22,3020,0
246,10,3030,0
247,18,3048,0
248,9,3057,0
249,10,3067,0
250,8,3075,0
251,11,3086,0
252,7,3093,0
253,14,3107,0
254,21,3128,0
255,24,3152,0
256,25,3177,0
257,30,3207,0
258,17,3224,0
259,19,3243,0
260,58,3301,0
261,44,3345,0
262,35,3380,0
263,61,3441,0
264,62,3503,0
265,23,3526,0
266,27,3553,0
267,51,3604,0
268,11,3615,0
269,21,3636,0
270,15,3651,0
271,30,3681,0
272,50,3731,0
273,39,3770,0
274,52,3822,0
275,90,3912,0
276,40,3952,0
277,18,3970,0
278,32,4002,0
279,38,4040,0
280,79,4119,0
281,34,4153,0
282,39,4192,0
283,29,4221,0
284,32,4253,0
285,29,4282,0
286,13,4295,0
287,29,4324,0
288,7,4331,0
289,7,4338,0
290,24,4362,0
291,25,4387,0
292,13,4400,0
293,13,4413,0
294,14,4427,0
295,16,4443,0
296,30,4473,0
297,17,4490,0
298,62,4552,0
299,69,4621,0
300,32,4653,0
301,15,4668,0
302,30,4698,0
303,17,4715,0
304,23,4738,0
305,13,4751,0
306,18,4769,0
307,34,4803,0
308,9,4812,0
309,5,4817,0
310,6,4823,0
311,7,4830,0
312,17,4847,0
313,10,4857,0
314,21,4878,0
315,17,4895,0
316,16,4911,0
317,15,4926,0
318,17,4943,0
319,33,4976,0
320,28,5004,0
321,25,5029,0
322,10,5039,0
323,6,5045,0
324,7,5052,0
325,15,5067,0
326,11,5078,0
327,5,5083,0
328,4,5087,0
329,8,5095,0
330,3,5098,0
331,5,5103,0
332,4,5107,0
333,5,5112,0
334,5,5117,0
335,6,5123,0
336,5,5128,0
337,5,5133,0
338,5,5138,0
339,4,5142,0
340,42,5184,0
341,19,5203,0
342,30,5233,0
343,21,5254,0
344,50,5304,0
345,28,5332,0
346,22,5354,0
347,15,5369,0
348,26,5395,0
349,26,5421,0
350,24,5445,0
351,12,5457,0
352,19,5476,0
353,25,5501,0
354,24,5525,0
355,32,5557,0
356,24,5581,0
357,52,5633,0
358,33,5666,0
359,27,5693,0
360,34,5727,0
361,33,5760,0
362,24,5784,0
363,29,5813,0
364,16,5829,0
365,20,5849,0
366,25,5874,0
367,45,5919,0
368,31,5950,0
369,7,5957,0
370,21,5978,0
371,19,5997,0
372,16,6013,0
373,11,6024,0
374,25,6049,0
375,37,6086,0
376,10,6096,0
377,20,6116,0
378,38,6154,0
379,13,6167,0
380,8,6175,0
381,13,6188,0
382,16,6204,0
383,59,6263,0
384,12,6275,0
385,21,6296,0
386,19,6315,0
387,6,6321,0
388,5,6326,0
389,7,6333,0
390,5,6338,0
391,3,6341,0
392,4,6345,0
393,16,6361,0
394,4,6365,0
395,5,6370,0
396,10,6380,0
397,12,6392,0
398,51,6443,0
399,10,6453,0
400,18,6471,0
401,7,6478,0
402,7,6485,0
403,12,6497,0
404,7,6504,0
405,22,6526,0
406,8,6534,0
407,32,6566,0
408,11,6577,0
409,16,6593,0
410,16,6609,0
411,24,6633,0
412,10,6643,0
413,21,6664,0
414,42,6706,0
415,25,6731,0
416,13,6744,0
417,21,6765,0
418,22,6787,0
419,12,6799,0
420,22,6821,0
421,115,6936,0
422,36,6972,0
423,17,6989,0
424,17,7006,0
425,15,7021,0
426,13,7034,0
427,10,7044,0
428,9,7053,0
429,18,7071,0
430,13,7084,0
431,55,7139,0
432,25,7164,0
433,17,7181,0
434,31,7212,0
435,8,7220,0
436,28,7248,0
437,19,7267,0
438,6,7273,0
439,5,7278,0
440,7,7285,0
441,25,7310,0
442,21,7331,0
443,26,7357,0
444,19,7376,0
445,6,7382,0
446,17,7399,0
447,8,7407,0
448,25,7432,0
449,17,7449,0
450,19,7468,0
451,10,7478,0
452,42,7520,0
453,11,7531,0
454,13,7544,0
455,11,7555,0
456,4,7559,0
457,7,7566,0
458,5,7571,0
459,4,7575,0
460,5,7580,0
461,5,7585,0
462,4,7589,0
463,6,7595,0
464,5,7600,0
465,6,7606,0
466,6,7612,0
467,5,7617,0
468,10,7627,0
469,12,7639,0
470,8,7647,0
471,15,7662,0
472,5,7667,0
473,5,7672,0
474,5,7677,0
475,10,7687,0
476,6,7693,0
477,7,7700,0
478,6,7706,0
479,10,7716,0
480,7,7723,0
481,8,7731,0
482,9,7740,0
483,12,7752,0
484,8,7760,0
485,12,7772,0
486,4,7776,0
487,22,7798,0
488,28,7826,0
489,10,7836,0
490,17,7853,0
491,29,7882,0
492,55,7937,0
493,5,7942,0
494,11,7953,0
495,31,7984,0
496,20,8004,0
497,12,8016,0
498,21,8037,0
499,50,8087,0
500,14,8101,0
501,25,8126,0
502,15,8141,0
503,37,8178,0
504,20,8198,0
505,16,8214,0
506,16,8230,0
507,12,8242,0
508,7,8249,0
509,6,8255,0
510,27,8282,0
511,8,8290,0
512,19,8309,0
513,22,8331,0
514,22,8353,0
515,22,8375,0
516,6,8381,0
517,5,8386,0
518,13,8399,0
519,9,8408,0
520,11,8419,0
521,15,8434,0
522,47,8481,0
523,31,8512,0
524,19,8531,0
525,9,8540,0
526,8,8548,0
527,28,8576,0
528,46,8622,0
529,25,8647,0
530,16,8663,0
531,14,8677,0
532,11,8688,0
533,15,8703,0
534,18,8721,0
535,18,8739,0
536,38,8777,0
537,7,8784,0
538,21,8805,0
539,13,8818,0
540,17,8835,0
541,21,8856,0
542,32,8888,0
543,13,8901,0
544,31,8932,0
545,17,8949,0
546,11,8960,0
547,15,8975,0
548,15,8990,0
549,10,9000,0
550,41,9041,0
551,21,9062,0
552,50,9112,0
553,15,9127,0
554,27,9154,0
555,32,9186,0
556,21,9207,0
557,15,9222,0
558,11,9233,0
559,14,9247,0
560,12,9259,0
561,19,9278,0
562,10,9288,0
563,5,9293,0
564,5,9298,0
565,5,9303,0
566,6,9309,0
567,11,9320,0
568,7,9327,0
569,5,9332,0
570,5,9337,0
571,6,9343,0
572,5,9348,0
573,4,9352,0
574,3,9355,0
575,8,9363,0
576,10,9373,0
577,21,9394,0
578,9,9403,0
579,8,9411,0
580,7,9418,0
581,8,9426,0
582,5,9431,0
583,5,9436,0
584,19,9455,0
585,19,9474,0
586,151,9625,0
587,41,9666,0
588,6,9672,0
589,6,9678,0
590,4,9682,0
591,5,9687,0
592,10,9697,0
593,4,9701,0
594,5,9706,0
595,5,9711,0
596,5,9716,0
597,3,9719,0
598,5,9724,0
599,9,9733,0
600,6,9739,0
601,14,9753,0
602,16,9769,0
603,4,9773,0
604,5,9778,0
605,5,9783,0
606,6,9789,0
607,19,9808,0
608,26,9834,0
609,29,9863,0
610,5,9868,0
611,6,9874,0
612,103,9977,0
613,12,9989,0
614,6,9995,0
615,6,10001,0
616,13,10014,0
617,51,10065,0
618,12,10077,0
619,30,10107,0
620,29,10136,0
621,17,10153,0
622,26,10179,0
623,155,10334,0
624,13,10347,0
625,10,10357,0
626,17,10374,0
627,18,10392,0
628,20,10412,0
629,16,10428,0
630,68,10496,0
631,17,10513,0
632,43,10556,0
633,24,10580,0
634,43,10623,0
635,27,10650,0
636,39,10689,0
637,15,10704,0
638,14,10718,0
639,15,10733,0
640,18,10751,0
641,8,10759,0
642,12,10771,0
643,11,10782,0
644,20,10802,0
645,13,10815,0
646,11,10826,0
647,11,10837,0
648,23,10860,0
649,6,10866,0
650,6,10872,0
651,6,10878,0
652,5,10883,0
653,4,10887,0
654,4,10891,0
655,12,10903,0
656,12,10915,0
657,7,10922,0
658,6,10928,0
659,14,10942,0
660,21,10963,0
661,12,10975,0
662,18,10993,0
663,10,11003,0
664,6,11009,0
665,15,11024,0
666,21,11045,0
667,15,11060,0
668,14,11074,0
669,9,11083,0
670,5,11088,0
671,6,11094,0
672,10,11104,0
673,5,11109,0
674,6,11115,0
675,9,11124,0
676,9,11133,0
677,11,11144,0
678,6,11150,0
679,6,11156,0
680,9,11165,0
681,8,11173,0
682,7,11180,0
683,8,11188,0
684,5,11193,0
685,5,11198,0
686,3,11201,0
687,5,11206,0
688,4,11210,0
689,5,11215,0
690,5,11220,0
691,7,11227,0
692,3,11230,0
693,6,11236,0
694,26,11262,0
695,4,11266,0
696,5,11271,0
697,4,11275,0
698,6,11281,0
699,5,11286,0
700,5,11291,0
701,6,11297,0
702,5,11302,0
703,5,11307,0
704,4,11311,0
705,10,11321,0
706,4,11325,0
707,8,11333,0
708,7,11340,0
709,2,11342,0
710,5,11347,0
711,8,11355,0
712,5,11360,0
713,3,11363,0
714,5,11368,0
715,4,11372,0
716,6,11378,0
717,5,11383,0
718,4,11387,0
719,5,11392,0
720,5,11397,0
721,14,11411,0
722,6,11417,0
723,15,11432,0
724,10,11442,0
725,16,11458,0
726,16,11474,0
727,14,11488,0
728,12,11500,0
729,18,11518,0
730,6,11524,0
731,6,11530,0
732,5,11535,0
733,5,11540,0
734,9,11549,0
735,6,11555,0
736,5,11560,0
737,5,11565,0
738,6,11571,0
739,7,11578,0
740,16,11594,0
741,5,11599,0
742,4,11603,0
743,11,11614,0
744,14,11628,0
745,5,11633,0
746,5,11638,0
747,5,11643,0
748,5,11648,0
749,7,11655,0
750,8,11663,0
751,5,11668,0
752,5,11673,0
753,6,11679,0
754,6,11685,0
755,5,11690,0
756,5,11695,0
757,7,11702,0
758,6,11708,0
759,2,11710,0
760,5,11715,0
761,5,11720,0
762,6,11726,0
763,5,11731,0
764,4,11735,0
765,5,11740,0
766,5,11745,0
767,7,11752,0
768,9,11761,0
769,13,11774,0
770,11,11785,0
771,17,11802,0
772,18,11820,0
773,23,11843,0
774,8,11851,0
775,9,11860,0
776,8,11868,0
777,19,11887,0
778,11,11898,0
779,8,11906,0
780,47,11953,0
781,4,11957,0
782,5,11962,0
783,4,11966,0
784,7,11973,0
785,5,11978,0
786,9,11987,0
787,20,12007,0
788,15,12022,0
789,7,12029,0
790,5,12034,0
791,4,12038,0
792,5,12043,0
793,5,12048,0
794,7,12055,0
795,5,12060,0
796,8,12068,0
797,5,12073,0
798,9,12082,0
799,8,12090,0
800,12,12102,0
801,6,12108,0
802,6,12114,0
803,10,12124,0
804,24,12148,0
805,12,12160,0
806,8,12168,0
807,7,12175,0
808,5,12180,0
809,49,12229,0
810,21,12250,0
811,46,12296,0
812,6,12302,0
813,20,12322,0
814,3,12325,0
815,3,12328,0
816,8,12336,0
817,4,12340,0
818,5,12345,0
819,12,12357,0
820,8,12365,0
821,17,12382,0
822,14,12396,0
823,20,12416,0
824,13,12429,0
825,8,12437,0
826,6,12443,0
827,9,12452,0
828,12,12464,0
829,10,12474,0
830,14,12488,0
831,11,12499,0
832,9,12508,0
833,14,12522,0
834,8,12530,0
835,5,12535,0
836,15,12550,0
837,40,12590,0
838,5,12595,0
839,4,12599,0
840,11,12610,0
841,13,12623,0
842,8,12631,0
843,7,12638,0
844,5,12643,0
845,6,12649,0
846,4,12653,0
847,3,12656,0
848,8,12664,0
849,16,12680,0
850,5,12685,0
851,6,12691,0
852,10,12701,0
853,18,12719,0
854,5,12724,0
855,6,12730,0
856,7,12737,0
857,9,12746,0
858,16,12762,0
859,7,12769,0
860,7,12776,0
861,16,12792,0
862,12,12804,0
863,13,12817,0
864,7,12824,0
865,7,12831,0
866,22,12853,0
867,10,12863,0
868,14,12877,0
869,13,12890,0
870,6,12896,0
871,22,12918,0
872,5,12923,0
873,8,12931,0
874,17,12948,0
875,10,12958,0
876,31,12989,0
877,38,13027,0
878,11,13038,0
879,35,13073,0
880,8,13081,0
881,7,13088,0
882,6,13094,0
883,5,13099,0
884,12,13111,0
885,9,13120,0
886,19,13139,0
887,42,13181,0
888,45,13226,0
889,72,13298,0
890,38,13336,0
891,10,13346,0
892,6,13352,0
893,16,13368,0
894,16,13384,0
895,8,13392,0
896,5,13397,0
897,17,13414,0
898,25,13439,0
899,26,13465,0
900,14,13479,0
901,18,13497,0
902,29,13526,0
903,12,13538,0
904,154,13692,0
905,29,13721,0
906,11,13732,0
907,20,13752,0
908,71,13823,0
909,58,13881,0
910,166,14047,0
911,12,14059,0
912,6,14065,0
913,13,14078,0
914,11,14089,0
915,5,14094,0
916,14,14108,0
917,8,14116,0
918,5,14121,0
919,50,14171,0
920,28,14199,0
921,18,14217,0
922,16,14233,0
923,19,14252,0
924,15,14267,0
925,13,14280,0
926,15,14295,0
927,16,14311,0
928,48,14359,0
929,14,14373,0
930,18,14391,0
931,5,14396,0
932,6,14402,0
933,5,14407,0
934,5,14412,0
935,11,14423,0
936,6,14429,0
937,15,14444,0
938,5,14449,0
939,10,14459,0
940,7,14466,0
941,10,14476,0
942,12,14488,0
943,12,14500,0
944,9,14509,0
945,22,14531,0
946,15,14546,0
947,20,14566,0
948,34,14600,0
949,21,14621,0
950,20,14641,0
951,29,14670,0
952,36,14706,0
953,72,14778,0
954,27,14805,0
955,6,14811,0
956,41,14852,0
957,40,14892,0
958,7,14899,0
959,8,14907,0
960,47,14954,0
961,60,15014,0
962,14,15028,0
963,13,15041,0
964,15,15056,0
965,9,15065,0
966,9,15074,0
967,8,15082,0
968,27,15109,0
969,5,15114,0
970,13,15127,0
971,5,15132,0
972,5,15137,0
973,5,15142,0
974,7,15149,0
975,3,15152,0
976,12,15164,0
977,15,15179,0
978,29,15208,0
979,22,15230,0
980,13,15243,0
981,10,15253,0
982,23,15276,0
983,5,15281,0
984,14,15295,0
985,98,15393,0
986,8,15401,0
987,17,15418,0
988,11,15429,0
989,9,15438,0
990,17,15455,0
991,30,15485,0
992,43,15528,0
993,21,15549,0
994,18,15567,0
995,30,15597,0
996,11,15608,0
997,35,15643,0
998,13,15656,0
999,13,15669,0
1000,7,15676,0
1001,3,15679,0
1002,12,15691,0
1003,11,15702,0
1004,11,15713,0
1005,46,15759,0
1006,21,15780,0
1007,30,15810,0
1008,8,15818,0
1009,7,15825,0
1010,11,15836,0
1011,15,15851,0
1012,13,15864,0
1013,11,15875,0
1014,15,15890,0
1015,17,15907,0
1016,25,15932,0
1017,40,15972,0
1018,12,15984,0
1019,13,15997,0
1020,44,16041,0
1021,22,16063,0
1022,22,16085,0
1023,8,16093,0
1024,33,16126,0
1025,29,16155,0
1026,62,16217,0
1027,21,16238,0
1028,21,16259,0
1029,21,16280,0
1030,7,16287,0
1031,12,16299,0
1032,10,16309,0
1033,11,16320,0
1034,10,16330,0
1035,12,16342,0
1036,49,16391,0
1037,9,16400,0
1038,35,16435,0
1039,15,16450,0
1040,12,16462,0
1041,18,16480,0
1042,31,16511,0
1043,55,16566,0
1044,21,16587,0
1045,16,16603,0
1046,15,16618,0
1047,38,16656,0
1048,33,16689,0
1049,40,16729,0
1050,29,16758,0
1051,14,16772,0
1052,31,16803,0
1053,37,16840,0
1054,32,16872,0
1055,7,16879,0
1056,80,16959,0
1057,31,16990,0
1058,23,17013,0
1059,19,17032,0
1060,15,17047,0
1061,13,17060,0
1062,17,17077,0
1063,23,17100,0
1064,88,17188,0
1065,24,17212,0
1066,25,17237,0
1067,66,17303,0
1068,78,17381,0
1069,120,17501,0
1070,29,17530,0
1071,15,17545,0
1072,84,17629,0
1073,10,17639,0
1074,38,17677,0
1075,12,17689,0
1076,58,17747,0
1077,9,17756,0
1078,14,17770,0
1079,15,17785,0
1080,16,17801,0
1081,9,17810,0
1082,7,17817,0
1083,23,17840,0
1084,15,17855,0
1085,22,17877,0
1086,14,17891,0
1087,24,17915,0
1088,18,17933,0
1089,9,17942,0
1090,44,17986,0
1091,16,18002,0
1092,12,18014,0
1093,8,18022,0
1094,11,18033,0
1095,18,18051,0
1096,29,18080,0
1097,27,18107,0
1098,13,18120,0
1099,22,18142,0
1100,73,18215,0
1101,9,18224,0
1102,6,18230,0
1103,17,18247,0
1104,25,18272,0
1105,22,18294,0
1106,87,18381,0
1107,19,18400,0
1108,11,18411,0
1109,7,18418,0
1110,15,18433,0
1111,25,18458,0
1112,18,18476,0
1113,7,18483,0
1114,6,18489,0
1115,5,18494,0
1116,8,18502,0
1117,10,18512,0
1118,9,18521,0
1119,33,18554,0
1120,8,18562,0
1121,70,18632,0
1122,27,18659,0
1123,33,18692,0
1124,30,18722,0
1125,26,18748,0
1126,14,18762,0
1127,8,18770,0
1128,9,18779,0
1129,20,18799,0
1130,15,18814,0
1131,12,18826,0
1132,8,18834,0
1133,5,18839,0
1134,6,18845,0
1135,41,18886,0
1136,95,18981,0
1137,17,18998,0
1138,12,19010,0
1139,3,19013,0
1140,5,19018,0
1141,4,19022,0
1142,4,19026,0
1143,7,19033,0
1144,23,19056,0
1145,9,19065,0
1146,6,19071,0
1147,6,19077,0
1148,6,19083,0
1149,6,19089,0
1150,8,19097,0
1151,5,19102,0
1152,17,19119,0
1153,13,19132,0
1154,19,19151,0
1155,10,19161,0
1156,11,19172,0
1157,15,19187,0
1158,13,19200,0
1159,22,19222,0
1160,16,19238,0
1161,32,19270,0
1162,23,19293,0
1163,6,19299,0
1164,6,19305,0
1165,5,19310,0
1166,6,19316,0
1167,7,19323,0
1168,8,19331,0
1169,7,19338,0
1170,13,19351,0
1171,13,19364,0
1172,11,19375,0
1173,5,19380,0
1174,10,19390,0
1175,9,19399,0
1176,27,19426,0
1177,26,19452,0
1178,8,19460,0
1179,8,19468,0
1180,8,19476,0
1181,5,19481,0
1182,5,19486,0
1183,32,19518,0
1184,20,19538,0
1185,10,19548,0
1186,8,19556,0
1187,8,19564,0
1188,30,19594,0
1189,12,19606,0
1190,21,19627,0
1191,21,19648,0
1192,14,19662,0
1193,17,19679,0
1194,5,19684,0
1195,6,19690,0
1196,7,19697,0
1197,6,19703,0
1198,5,19708,0
1199,6,19714,0
1200,7,19721,0
1201,5,19726,0
1202,10,19736,0
1203,5,19741,0
1204,8,19749,0
1205,6,19755,0
1206,8,19763,0
1207,8,19771,0
1208,8,19779,0
1209,6,19785,0
1210,11,19796,0
1211,25,19821,0
1212,5,19826,0
1213,9,19835,0
1214,7,19842,0
1215,27,19869,0
1216,6,19875,0
1217,10,19885,0
1218,13,19898,0
1219,15,19913,0
1220,15,19928,0
1221,7,19935,0
1222,7,19942,0
1223,9,19951,0
1224,10,19961,0
1225,9,19970,0
1226,8,19978,0
1227,7,19985,0
1228,5,19990,0
1229,7,19997,0
1230,9,20006,0
1231,16,20022,0
1232,6,20028,0
1233,5,20033,0
1234,18,20051,0
1235,7,20058,0
1236,8,20066,0
1237,12,20078,0
1238,6,20084,0
1239,8,20092,0
1240,11,20103,0
1241,11,20114,0
1242,6,20120,0
1243,20,20140,0
1244,9,20149,0
1245,8,20157,0
1246,8,20165,0
1247,7,20172,0
1248,7,20179,0
1249,10,20189,0
1250,6,20195,0
1251,8,20203,0
1252,18,20221,0
1253,8,20229,0
1254,6,20235,0
1255,5,20240,0
1256,8,20248,0
1257,8,20256,0
1258,5,20261,0
1259,5,20266,0
1260,6,20272,0
1261,5,20277,0
1262,5,20282,0
1263,5,20287,0
1264,7,20294,0
1265,6,20300,0
1266,5,20305,0
1267,5,20310,0
1268,7,20317,0
1269,5,20322,0
1270,7,20329,0
1271,7,20336,0
1272,13,20349,0
1273,6,20355,0
1274,5,20360,0
1275,7,20367,0
1276,9,20376,0
1277,8,20384,0
1278,9,20393,0
1279,8,20401,0
1280,7,20408,0
1281,19,20427,0
1282,9,20436,0
1283,9,20445,0
1284,5,20450,0
1285,7,20457,0
1286,16,20473,0
1287,8,20481,0
1288,7,20488,0
1289,13,20501,0
1290,7,20508,0
1291,5,20513,0
1292,5,20518,0
1293,8,20526,0
1294,10,20536,0
1295,10,20546,0
1296,6,20552,0
1297,7,20559,0
1298,9,20568,0
1299,7,20575,0
1300,9,20584,0
1301,10,20594,0
1302,5,20599,0
1303,5,20604,0
1304,17,20621,0
1305,13,20634,0
1306,21,20655,0
1307,13,20668,0
1308,22,20690,0
1309,20,20710,0
1310,9,20719,0
1311,10,20729,0
1312,7,20736,0
1313,16,20752,0
1314,10,20762,0
1315,40,20802,0
1316,20,20822,0
1317,13,20835,0
1318,19,20854,0
1319,9,20863,0
1320,14,20877,0
1321,8,20885,0
1322,9,20894,0
1323,8,20902,0
1324,10,20912,0
1325,10,20922,0
1326,7,20929,0
1327,6,20935,0
1328,10,20945,0
1329,13,20958,0
1330,11,20969,0
1331,20,20989,0
1332,5,20994,0
1333,19,21013,0
1334,7,21020,0
1335,6,21026,0
1336,11,21037,0
1337,10,21047,0
1338,12,21059,0
1339,8,21067,0
1340,8,21075,0
1341,6,21081,0
1342,33,21114,0
1343,17,21131,0
1344,26,21157,0
1345,25,21182,0
1346,5,21187,0
1347,6,21193,0
1348,5,21198,0
1349,5,21203,0
1350,9,21212,0
1351,9,21221,0
1352,12,21233,0
1353,10,21243,0
1354,9,21252,0
1355,6,21258,0
1356,13,21271,0
1357,11,21282,0
1358,9,21291,0
1359,6,21297,0
1360,5,21302,0
1361,9,21311,0
1362,6,21317,0
1363,6,21323,0
1364,8,21331,0
1365,5,21336,0
1366,7,21343,0
1367,7,21350,0
1368,7,21357,0
1369,15,21372,0
1370,23,21395,0
1371,30,21425,0
1372,15,21440,0
1373,9,21449,0
1374,12,21461,0
1375,3,21464,0
1376,6,21470,0
1377,8,21478,0
1378,17,21495,0
1379,5,21500,0
1380,21,21521,0
1381,36,21557,0
1382,41,21598,0
1383,14,21612,0
1384,24,21636,0
1385,10,21646,0
1386,6,21652,0
1387,24,21676,0
1388,12,21688,0
1389,29,21717,0
1390,16,21733,0
1391,16,21749,0
1392,10,21759,0
1393,8,21767,0
1394,10,21777,0
1395,8,21785,0
1396,13,21798,0
1397,11,21809,0
1398,7,21816,0
1399,13,21829,0
1400,16,21845,0
1401,15,21860,0
1402,8,21868,0
1403,20,21888,0
1404,21,21909,0
1405,6,21915,0
1406,21,21936,0
1407,12,21948,0
1408,7,21955,0
1409,8,21963,0
1410,8,21971,0
1411,6,21977,0
1412,11,21988,0
1413,13,22001,0
1414,21,22022,0
1415,16,22038,0
1416,32,22070,0
1417,40,22110,0
1418,38,22148,0
1419,6,22154,0
1420,12,22166,0
1421,10,22176,0
1422,23,22199,0
1423,20,22219,0
1424,10,22229,0
1425,19,22248,0
1426,9,22257,0
1427,13,22270,0
1428,6,22276,0
1429,5,22281,0
1430,5,22286,0
1431,6,22292,0
1432,5,22297,0
1433,5,22302,0
1434,5,22307,0
1435,5,22312,0
1436,5,22317,0
1437,5,22322,0
1438,5,22327,0
1439,4,22331,0
1440,4,22335,0
1441,4,22339,0
1442,6,22345,0
1443,5,22350,0
1444,5,22355,0
1445,5,22360,0
1446,5,22365,0
1447,5,22370,0
1448,7,22377,0
1449,18,22395,0
1450,12,22407,0
1451,11,22418,0
1452,5,22423,0
1453,10,22433,0
1454,10,22443,0
1455,8,22451,0
1456,10,22461,0
1457,6,22467,0
1458,7,22474,0
1459,5,22479,0
1460,5,22484,0
1461,9,22493,0
1462,8,22501,0
1463,23,22524,0
1464,21,22545,0
1465,7,22552,0
1466,8,22560,0
1467,9,22569,0
1468,19,22588,0
1469,30,22618,0
1470,7,22625,0
1471,24,22649,0
1472,11,22660,0
1473,11,22671,0
1474,14,22685,0
1475,22,22707,0
1476,25,22732,0
1477,30,22762,0
1478,26,22788,0
1479,8,22796,0
1480,12,22808,0
1481,8,22816,0
1482,5,22821,0
1483,7,22828,0
1484,6,22834,0
1485,4,22838,0
1486,6,22844,0
1487,6,22850,0
1488,4,22854,0
1489,6,22860,0
1490,4,22864,0
1491,6,22870,0
1492,8,22878,0
1493,5,22883,0
1494,5,22888,0
1495,5,22893,0
1496,5,22898,0
1497,3,22901,0
1498,7,22908,0
1499,4,22912,0
1500,4,22916,0
1501,8,22924,0
1502,3,22927,0
1503,5,22932,0
1504,4,22936,0
1505,4,22940,0
1506,6,22946,0
1507,3,22949,0
1508,8,22957,0
1509,8,22965,0
1510,6,22971,0
1511,29,23000,0
1512,6,23006,0
1513,2,23008,0
1514,3,23011,0
1515,5,23016,0
1516,5,23021,0
1517,4,23025,0
1518,5,23030,0
1519,7,23037,0
1520,4,23041,0
1521,4,23045,0
1522,5,23050,0
1523,3,23053,0
1524,5,23058,0
1525,5,23063,0
1526,4,23067,0
1527,5,23072,0
1528,4,23076,0
1529,4,23080,0
1530,3,23083,0
1531,10,23093,0
1532,15,23108,0
1533,11,23119,0
1534,7,23126,0
1535,7,23133,0
1536,13,23146,0
1537,6,23152,0
1538,4,23156,0
1539,6,23162,0
1540,7,23169,0
1541,8,23177,0
1542,5,23182,0
1543,5,23187,0
1544,7,23194,0
1545,8,23202,0
1546,8,23210,0
1547,9,23219,0
1548,10,23229,0
1549,21,23250,0
1550,41,23291,0
1551,23,23314,0
1552,47,23361,0
1553,7,23368,0
1554,12,23380,0
1555,5,23385,0
1556,28,23413,0
1557,37,23450,0
1558,11,23461,0
1559,19,23480,0
1560,10,23490,0
1561,16,23506,0
1562,10,23516,0
1563,23,23539,0
1564,5,23544,0
1565,4,23548,0
1566,4,23552,0
1567,5,23557,0
1568,11,23568,0
1569,7,23575,0
1570,26,23601,0
1571,9,23610,0
1572,16,23626,0
1573,10,23636,0
1574,8,23644,0
1575,9,23653,0
1576,6,23659,0
1577,8,23667,0
1578,6,23673,0
1579,9,23682,0
1580,7,23689,0
1581,17,23706,0
1582,8,23714,0
1583,13,23727,0
1584,13,23740,0
1585,25,23765,0
1586,17,23782,0
1587,13,23795,0
1588,7,23802,0
1589,5,23807,0
1590,24,23831,0
1591,10,23841,0
1592,13,23854,0
1593,38,23892,0
1594,20,23912,0
1595,7,23919,0
1596,4,23923,0
1597,7,23930,0
1598,18,23948,0
1599,38,23986,0
1600,15,24001,0
1601,24,24025,0
1602,43,24068,0
1603,16,24084,0
1604,31,24115,0
1605,13,24128,0
1606,20,24148,0
1607,17,24165,0
1608,14,24179,0
1609,10,24189,0
1610,17,24206,0
1611,20,24226,0
1612,23,24249,0
1613,32,24281,0
1614,25,24306,0
1615,24,24330,0
1616,11,24341,0
1617,27,24368,0
1618,13,24381,0
1619,8,24389,0
1620,13,24402,0
1621,32,24434,0
1622,10,24444,0
1623,9,24453,0
1624,11,24464,0
1625,8,24472,0
1626,8,24480,0
1627,27,24507,0
1628,13,24520,0
1629,49,24569,0
1630,15,24584,0
1631,19,24603,0
1632,19,24622,0
1633,22,24644,0
1634,18,24662,0
1635,29,24691,0
1636,19,24710,0
1637,11,24721,0
1638,197,24918,0
1639,11,24929,0
1640,8,24937,0
1641,23,24960,0
1642,11,24971,0
1643,48,25019,0
1644,5,25024,0
1645,5,25029,0
1646,5,25034,0
1647,11,25045,0
1648,6,25051,0
1649,8,25059,0
1650,7,25066,0
1651,14,25080,0
1652,11,25091,0
1653,6,25097,0
1654,7,25104,0
1655,8,25112,0
1656,9,25121,0
1657,11,25132,0
1658,20,25152,0
1659,13,25165,0
1660,12,25177,0
1661,12,25189,0
1662,23,25212,0
1663,16,25228,0
1664,179,25407,0
1665,17,25424,0
1666,6,25430,0
1667,7,25437,0
1668,7,25444,0
1669,8,25452,0
1670,27,25479,0
1671,42,25521,0
1672,9,25530,0
1673,36,25566,0
1674,18,25584,0
1675,35,25619,0
1676,31,25650,0
1677,15,25665,0
1678,16,25681,0
1679,7,25688,0
1680,9,25697,0
1681,17,25714,0
1682,11,25725,0
1683,24,25749,0
1684,24,25773,0
1685,13,25786,0
1686,34,25820,0
1687,17,25837,0
1688,33,25870,0
1689,10,25880,0
1690,52,25932,0
1691,14,25946,0
1692,26,25972,0
1693,14,25986,0
1694,11,25997,0
1695,8,26005,0
1696,13,26018,0
1697,11,26029,0
1698,5,26034,0
1699,8,26042,0
1700,18,26060,0
1701,27,26087,0
1702,6,26093,0
1703,61,26154,0
1704,22,26176,0
1705,9,26185,0
1706,19,26204,0
1707,16,26220,0
1708,16,26236,0
1709,19,26255,0
1710,5,26260,0
1711,5,26265,0
1712,5,26270,0
1713,5,26275,0
1714,6,26281,0
1715,9,26290,0
1716,6,26296,0
1717,9,26305,0
1718,6,26311,0
1719,23,26334,0
1720,17,26351,0
1721,9,26360,0
1722,10,26370,0
1723,5,26375,0
1724,7,26382,0
1725,8,26390,0
1726,5,26395,0
1727,5,26400,0
1728,7,26407,0
1729,6,26413,0
1730,7,26420,0
1731,4,26424,0
1732,5,26429,0
1733,5,26434,0
1734,8,26442,0
1735,5,26447,0
1736,4,26451,0
1737,6,26457,0
1738,6,26463,0
1739,6,26469,0
1740,6,26475,0
1741,9,26484,0
1742,13,26497,0
1743,5,26502,0
1744,10,26512,0
1745,12,26524,0
1746,5,26529,0
1747,5,26534,0
1748,7,26541,0
1749,8,26549,0
1750,11,26560,0
1751,8,26568,0
1752,12,26580,0
1753,7,26587,0
1754,10,26597,0
1755,11,26608,0
1756,6,26614,0
1757,7,26621,0
1758,6,26627,0
1759,6,26633,0
1760,6,26639,0
1761,5,26644,0
1762,5,26649,0
1763,4,26653,0
1764,5,26658,0
1765,4,26662,0
1766,7,26669,0
1767,7,26676,0
1768,6,26682,0
1769,5,26687,0
1770,5,26692,0
1771,3,26695,0
1772,7,26702,0
1773,5,26707,0
1774,5,26712,0
1775,6,26718,0
1776,5,26723,0
1777,4,26727,0
1778,6,26733,0
1779,4,26737,0
1780,13,26750,0
1781,18,26768,0
1782,6,26774,0
1783,7,26781,0
1784,10,26791,0
1785,13,26804,0
1786,5,26809,0
1787,32,26841,0
1788,8,26849,0
1789,10,26859,0
1790,7,26866,0
1791,9,26875,0
1792,9,26884,0
1793,11,26895,0
1794,22,26917,0
1795,7,26924,0
1796,6,26930,0
1797,6,26936,0
1798,14,26950,0
1799,10,26960,0
1800,16,26976,0
1801,5,26981,0
1802,6,26987,0
1803,14,27001,0
1804,4,27005,0
1805,4,27009,0
1806,4,27013,0
1807,5,27018,0
1808,4,27022,0
1809,5,27027,0
1810,9,27036,0
1811,5,27041,0
1812,10,27051,0
1813,5,27056,0
1814,6,27062,0
1815,12,27074,0
1816,13,27087,0
1817,36,27123,0
1818,9,27132,0
1819,34,27166,0
1820,15,27181,0
1821,76,27257,0
1822,19,27276,0
1823,23,27299,0
1824,46,27345,0
1825,13,27358,0
1826,9,27367,0
1827,18,27385,0
1828,27,27412,0
1829,15,27427,0
1830,8,27435,0
1831,8,27443,0
1832,10,27453,0
1833,9,27462,0
1834,4,27466,0
1835,8,27474,0
1836,6,27480,0
1837,19,27499,0
1838,6,27505,0
1839,14,27519,0
1840,17,27536,0
1841,10,27546,0
1842,14,27560,0
1843,7,27567,0
1844,22,27589,0
1845,5,27594,0
1846,8,27602,0
1847,15,27617,0
1848,7,27624,0
1849,5,27629,0
1850,8,27637,0
1851,7,27644,0
1852,5,27649,0
1853,7,27656,0
1854,7,27663,0
1855,9,27672,0
1856,9,27681,0
1857,6,27687,0
1858,18,27705,0
1859,8,27713,0
1860,14,27727,0
1861,15,27742,0
1862,16,27758,0
1863,10,27768,0
1864,21,27789,0
1865,29,27818,0
1866,31,27849,0
1867,7,27856,0
1868,15,27871,0
1869,28,27899,0
1870,15,27914,0
1871,14,27928,0
1872,10,27938,0
1873,12,27950,0
1874,18,27968,0
1875,24,27992,0
1876,19,28011,0
1877,7,28018,0
1878,9,28027,0
1879,10,28037,0
1880,16,28053,0
1881,16,28069,0
1882,21,28090,0
1883,37,28127,0
1884,8,28135,0
1885,38,28173,0
1886,10,28183,0
1887,12,28195,0
1888,18,28213,0
1889,23,28236,0
1890,7,28243,0
1891,3,28246,0
1892,5,28251,0
1893,9,28260,0
1894,7,28267,0
1895,10,28277,0
1896,5,28282,0
1897,7,28289,0
1898,6,28295,0
1899,6,28301,0
1900,8,28309,0
1901,8,28317,0
1902,4,28321,0
1903,15,28336,0
1904,14,28350,0
1905,6,28356,0
1906,10,28366,0
1907,5,28371,0
1908,6,28377,0
1909,4,28381,0
1910,6,28387,0
1911,5,28392,0
1912,6,28398,0
1913,9,28407,0
1914,7,28414,0
1915,7,28421,0
1916,5,28426,0
1917,5,28431,0
1918,5,28436,0
1919,10,28446,0
1920,10,28456,0
1921,14,28470,0
1922,23,28493,0
1923,7,28500,0
1924,24,28524,0
1925,6,28530,0
1926,18,28548,0
1927,67,28615,0
1928,6,28621,0
1929,12,28633,0
1930,32,28665,0
1931,17,28682,0
1932,19,28701,0
1933,12,28713,0
1934,7,28720,0
1935,7,28727,0
1936,5,28732,0
1937,6,28738,0
1938,9,28747,0
1939,25,28772,0
1940,16,28788,0
1941,17,28805,0
1942,10,28815,0
1943,12,28827,0
1944,7,28834,0
1945,11,28845,0
1946,8,28853,0
1947,37,28890,0
1948,16,28906,0
1949,13,28919,0
1950,11,28930,0
1951,20,28950,0
1952,13,28963,0
1953,7,28970,0
1954,11,28981,0
1955,24,29005,0
1956,18,29023,0
1957,13,29036,0
1958,10,29046,0
1959,26,29072,0
1960,17,29089,0
1961,28,29117,0
1962,112,29229,0
1963,32,29261,0
1964,15,29276,0
1965,18,29294,0
1966,26,29320,0
1967,15,29335,0
1968,76,29411,0
1969,33,29444,0
1970,12,29456,0
1971,14,29470,0
1972,30,29500,0
1973,37,29537,0
1974,16,29553,0
1975,38,29591,0
1976,23,29614,0
1977,27,29641,0
1978,23,29664,0
1979,13,29677,0
1980,32,29709,0
1981,102,29811,0
1982,55,29866,0
1983,35,29901,0
1984,21,29922,0
1985,15,29937,0
1986,18,29955,0
1987,40,29995,0
1988,38,30033,0
1989,37,30070,0
1990,16,30086,0
1991,19,30105,0
1992,20,30125,0
1993,41,30166,0
1994,25,30191,0
1995,25,30216,0
1996,17,30233,0
1997,29,30262,0
1998,21,30283,0
1999,34,30317,0
2000,7,30324,0
2001,7,30331,0
2002,13,30344,0
2003,15,30359,0
2004,13,30372,0
2005,26,30398,0
2006,36,30434,0
2007,16,30450,0
2008,6,30456,0
2009,17,30473,0
2010,13,30486,0
2011,10,30496,0
2012,28,30524,0
2013,15,30539,0
2014,18,30557,0
2015,20,30577,0
2016,14,30591,0
2017,11,30602,0
2018,9,30611,0
2019,12,30623,0
2020,14,30637,0
2021,21,30658,0
2022,11,30669,0
2023,23,30692,0
2024,13,30705,0
2025,34,30739,0
2026,23,30762,0
2027,44,30806,0
2028,17,30823,0
2029,23,30846,0
2030,9,30855,0
2031,9,30864,0
2032,12,30876,0
2033,11,30887,0
2034,15,30902,0
2035,10,30912,0
2036,10,30922,0
2037,175,31097,0
2038,31,31128,0
2039,20,31148,0
2040,36,31184,0
2041,31,31215,0
2042,12,31227,0
2043,221,31448,0
2044,9,31457,0
2045,10,31467,0
2046,24,31491,0
2047,23,31514,0
2048,24,31538,0
2049,30,31568,0
2050,109,31677,0
2051,34,31711,0
2052,21,31732,0
2053,23,31755,0
2054,18,31773,0
2055,11,31784,0
2056,13,31797,0
2057,10,31807,0
2058,6,31813,0
2059,19,31832,0
2060,22,31854,0
2061,15,31869,0
2062,35,31904,0
2063,25,31929,0
2064,56,31985,0
2065,12,31997,0
2066,20,32017,0
2067,22,32039,0
2068,28,32067,0
2069,29,32096,0
2070,17,32113,0
2071,45,32158,0
2072,29,32187,0
2073,22,32209,0
2074,12,32221,0
2075,27,32248,0
2076,70,32318,0
2077,26,32344,0
2078,14,32358,0
2079,6,32364,0
2080,8,32372,0
2081,14,32386,0
2082,18,32404,0
2083,20,32424,0
2084,21,32445,0
2085,12,32457,0
2086,42,32499,0
2087,45,32544,0
2088,23,32567,0
2089,8,32575,0
2090,12,32587,0
2091,7,32594,0
2092,8,32602,0
2093,27,32629,0
2094,16,32645,0
2095,8,32653,0
2096,6,32659,0
2097,5,32664,0
2098,6,32670,0
2099,6,32676,0
2100,8,32684,0
2101,11,32695,0
2102,15,32710,0
2103,10,32720,0
2104,7,32727,0
2105,8,32735,0
2106,7,32742,0
2107,12,32754,0
2108,16,32770,0
2109,8,32778,0
2110,8,32786,0
2111,6,32792,0
2112,6,32798,0
2113,8,32806,0
2114,6,32812,0
2115,9,32821,0
2116,6,32827,0
2117,7,32834,0
2118,8,32842,0
2119,9,32851,0
2120,7,32858,0
2121,6,32864,0
2122,6,32870,0
2123,7,32877,0
2124,6,32883,0
2125,9,32892,0
2126,7,32899,0
2127,8,32907,0
2128,7,32914,0
2129,5,32919,0
2130,9,32928,0
2131,7,32935,0
2132,10,32945,0
2133,8,32953,0
2134,20,32973,0
2135,32,33005,0
2136,37,33042,0
2137,12,33054,0
2138,18,33072,0
2139,15,33087,0
2140,23,33110,0
2141,10,33120,0
2142,146,33266,0
2143,13,33279,0
2144,10,33289,0
2145,9,33298,0
2146,7,33305,0
2147,12,33317,0
2148,7,33324,0
2149,9,33333,0
2150,6,33339,0
2151,8,33347,0
2152,5,33352,0
2153,7,33359,0
2154,6,33365,0
2155,6,33371,0
2156,7,33378,0
2157,5,33383,0
2158,5,33388,0
2159,5,33393,0
2160,5,33398,0
2161,6,33404,0
2162,5,33409,0
2163,7,33416,0
2164,7,33423,0
2165,6,33429,0
2166,6,33435,0
2167,18,33453,0
2168,53,33506,0
2169,11,33517,0
2170,8,33525,0
2171,13,33538,0
2172,8,33546,0
2173,6,33552,0
2174,10,33562,0
2175,5,33567,0
2176,6,33573,0
2177,10,33583,0
2178,7,33590,0
2179,10,33600,0
2180,7,33607,0
2181,10,33617,0
2182,11,33628,0
2183,24,33652,0
2184,5,33657,0
2185,6,33663,0
2186,6,33669,0
2187,7,33676,0
2188,7,33683,0
2189,10,33693,0
2190,5,33698,0
2191,4,33702,0
2192,3,33705,0
2193,9,33714,0
2194,5,33719,0
2195,10,33729,0
2196,9,33738,0
2197,24,33762,0
2198,31,33793,0
2199,13,33806,0
2200,14,33820,0
2201,21,33841,0
2202,20,33861,0
2203,33,33894,0
2204,8,33902,0
2205,36,33938,0
2206,39,33977,0
2207,14,33991,0
2208,40,34031,0
2209,26,34057,0
2210,9,34066,0
2211,8,34074,0
2212,9,34083,0
2213,16,34099,0
2214,9,34108,0
2215,9,34117,0
2216,14,34131,0
2217,7,34138,0
2218,12,34150,0
2219,7,34157,0
2220,20,34177,0
2221,28,34205,0
2222,61,34266,0
2223,27,34293,0
2224,89,34382,0
2225,94,34476,0
2226,28,34504,0
2227,25,34529,0
2228,23,34552,0
2229,17,34569,0
2230,182,34751,0
2231,86,34837,0
2232,18,34855,0
2233,17,34872,0
2234,16,34888,0
2235,21,34909,0
2236,12,34921,0
2237,25,34946,0
2238,11,34957,0
2239,16,34973,0
2240,16,34989,0
2241,44,35033,0
2242,25,35058,0
2243,11,35069,0
2244,11,35080,0
2245,13,35093,0
2246,20,35113,0
2247,16,35129,0
2248,7,35136,0
2249,7,35143,0
2250,11,35154,0
2251,36,35190,0
2252,8,35198,0
2253,10,35208,0
2254,11,35219,0
2255,15,35234,0
2256,27,35261,0
2257,15,35276,0
2258,22,35298,0
2259,22,35320,0
2260,20,35340,0
2261,18,35358,0
2262,12,35370,0
2263,13,35383,0
2264,10,35393,0
2265,21,35414,0
2266,8,35422,0
2267,5,35427,0
2268,4,35431,0
2269,5,35436,0
2270,3,35439,0
2271,7,35446,0
2272,17,35463,0
2273,6,35469,0
2274,4,35473,0
2275,5,35478,0
2276,5,35483,0
2277,6,35489,0
2278,15,35504,0
2279,20,35524,0
2280,8,35532,0
2281,18,35550,0
2282,12,35562,0
2283,9,35571,0
2284,15,35586,0
2285,18,35604,0
2286,22,35626,0
2287,9,35635,0
2288,5,35640,0
2289,17,35657,0
2290,8,35665,0
2291,16,35681,0
2292,14,35695,0
2293,41,35736,0
2294,16,35752,0
2295,19,35771,0
2296,13,35784,0
2297,12,35796,0
2298,25,35821,0
2299,17,35838,0
2300,31,35869,0
2301,15,35884,0
2302,8,35892,0
2303,14,35906,0
2304,7,35913,0
2305,7,35920,0
2306,5,35925,0
2307,9,35934,0
2308,33,35967,0
2309,12,35979,0
2310,12,35991,0
2311,10,36001,0
2312,21,36022,0
2313,8,36030,0
2314,38,36068,0
2315,49,36117,0
2316,14,36131,0
2317,8,36139,0
2318,5,36144,0
2319,8,36152,0
2320,6,36158,0
2321,24,36182,0
2322,12,36194,0
2323,13,36207,0
2324,17,36224,0
2325,31,36255,0
2326,6,36261,0
2327,5,36266,0
2328,5,36271,0
2329,13,36284,0
2330,38,36322,0
2331,7,36329,0
2332,37,36366,0
2333,11,36377,0
2334,20,36397,0
2335,30,36427,0
2336,20,36447,0
2337,28,36475,0
2338,12,36487,0
2339,14,36501,0
2340,17,36518,0
2341,10,36528,0
2342,9,36537,0
2343,10,36547,0
2344,20,36567,0
2345,6,36573,0
2346,5,36578,0
2347,5,36583,0
2348,5,36588,0
2349,5,36593,0
2350,5,36598,0
2351,60,36658,0
2352,8,36666,0
2353,22,36688,0
2354,58,36746,0
2355,51,36797,0
2356,18,36815,0
2357,64,36879,0
2358,7,36886,0
2359,6,36892,0
2360,10,36902,0
2361,26,36928,0
2362,19,36947,0
2363,32,36979,0
2364,59,37038,0
2365,13,37051,0
2366,22,37073,0
2367,7,37080,0
2368,50,37130,0
2369,27,37157,0
2370,8,37165,0
2371,14,37179,0
2372,11,37190,0
2373,7,37197,0
2374,11,37208,0
2375,5,37213,0
2376,20,37233,0
2377,2,37235,0
2378,8,37243,0
2379,15,37258,0
2380,17,37275,0
2381,14,37289,0
2382,8,37297,0
2383,6,37303,0
2384,5,37308,0
2385,5,37313,0
2386,9,37322,0
2387,5,37327,0
2388,6,37333,0
2389,5,37338,0
2390,4,37342,0
2391,7,37349,0
2392,10,37359,0
2393,10,37369,0
2394,16,37385,0
2395,8,37393,0
2396,16,37409,0
2397,6,37415,0
2398,9,37424,0
2399,2,37426,0
2400,4,37430,0
2401,3,37433,0
2402,6,37439,0
2403,5,37444,0
2404,5,37449,0
2405,6,37455,0
2406,6,37461,0
2407,3,37464,0
2408,4,37468,0
2409,17,37485,0
2410,70,37555,0
2411,20,37575,0
2412,5,37580,0
2413,5,37585,0
2414,3,37588,0
2415,89,37677,0
2416,15,37692,0
2417,15,37707,0
2418,7,37714,0
2419,9,37723,0
2420,8,37731,0
2421,29,37760,0
2422,47,37807,0
2423,10,37817,0
2424,10,37827,0
2425,3,37830,0
2426,5,37835,0
2427,4,37839,0
2428,5,37844,0
2429,6,37850,0
2430,8,37858,0
2431,7,37865,0
2432,6,37871,0
2433,8,37879,0
2434,8,37887,0
2435,9,37896,0
2436,14,37910,0
2437,16,37926,0
2438,6,37932,0
2439,8,37940,0
2440,5,37945,0
2441,5,37950,0
2442,6,37956,0
2443,7,37963,0
2444,9,37972,0
2445,8,37980,0
2446,8,37988,0
2447,9,37997,0
2448,8,38005,0
2449,5,38010,0
2450,4,38014,0
2451,5,38019,0
2452,13,38032,0
2453,12,38044,0
2454,5,38049,0
2455,8,38057,0
2456,8,38065,0
2457,4,38069,0
2458,8,38077,0
2459,3,38080,0
2460,5,38085,0
2461,7,38092,0
2462,3,38095,0
2463,5,38100,0
2464,17,38117,0
2465,7,38124,0
2466,7,38131,0
2467,8,38139,0
2468,7,38146,0
2469,10,38156,0
2470,7,38163,0
2471,7,38170,0
2472,5,38175,0
2473,4,38179,0
2474,4,38183,0
2475,5,38188,0
2476,7,38195,0
2477,6,38201,0
2478,6,38207,0
2479,7,38214,0
2480,5,38219,0
2481,6,38225,0
2482,6,38231,0
2483,5,38236,0
2484,5,38241,0
2485,5,38246,0
2486,5,38251,0
2487,5,38256,0
2488,7,38263,0
2489,5,38268,0
2490,5,38273,0
2491,7,38280,0
2492,13,38293,0
2493,5,38298,0
2494,4,38302,0
2495,6,38308,0
2496,33,38341,0
2497,43,38384,0
2498,15,38399,0
2499,9,38408,0
2500,5,38413,0
2501,5,38418,0
2502,6,38424,0
2503,8,38432,0
2504,7,38439,0
2505,6,38445,0
2506,13,38458,0
2507,11,38469,0
2508,20,38489,0
2509,9,38498,0
2510,7,38505,0
2511,45,38550,0
2512,19,38569,0
2513,14,38583,0
2514,41,38624,0
2515,11,38635,0
2516,5,38640,0
2517,12,38652,0
2518,32,38684,0
2519,37,38721,0
2520,11,38732,0
2521,11,38743,0
2522,9,38752,0
2523,8,38760,0
2524,15,38775,0
2525,7,38782,0
2526,8,38790,0
2527,11,38801,0
2528,7,38808,0
2529,10,38818,0
2530,5,38823,0
2531,10,38833,0
2532,6,38839,0
2533,10,38849,0
2534,39,38888,0
2535,16,38904,0
2536,25,38929,0
2537,26,38955,0
2538,42,38997,0
2539,35,39032,0
2540,34,39066,0
2541,10,39076,0
2542,27,39103,0
2543,12,39115,0
2544,11,39126,0
2545,7,39133,0
2546,9,39142,0
2547,7,39149,0
2548,7,39156,0
2549,5,39161,0
2550,3,39164,0
2551,4,39168,0
2552,8,39176,0
2553,6,39182,0
2554,5,39187,0
2555,5,39192,0
2556,6,39198,0
2557,6,39204,0
2558,5,39209,0
2559,6,39215,0
2560,10,39225,0
2561,7,39232,0
2562,6,39238,0
2563,6,39244,0
2564,5,39249,0
2565,8,39257,0
2566,20,39277,0
2567,7,39284,0
2568,5,39289,0
2569,6,39295,0
2570,39,39334,0
2571,20,39354,0
2572,20,39374,0
2573,32,39406,0
2574,67,39473,0
2575,28,39501,0
2576,7,39508,0
2577,115,39623,0
2578,61,39684,0
2579,12,39696,0
2580,24,39720,0
2581,54,39774,0
2582,5,39779,0
2583,16,39795,0
2584,7,39802,0
2585,12,39814,0
2586,35,39849,0
2587,12,39861,0
2588,16,39877,0
2589,14,39891,0
2590,24,39915,0
2591,10,39925,0
2592,12,39937,0
2593,19,39956,0
2594,19,39975,0
2595,5,39980,0
2596,7,39987,0
2597,5,39992,0
2598,6,39998,0
2599,4,40002,0
2600,5,40007,0
2601,3,40010,0
2602,7,40017,0
2603,8,40025,0
2604,8,40033,0
2605,7,40040,0
2606,8,40048,0
2607,5,40053,0
2608,10,40063,0
2609,5,40068,0
2610,6,40074,0
2611,12,40086,0
2612,22,40108,0
2613,15,40123,0
2614,16,40139,0
2615,9,40148,0
2616,57,40205,0
2617,19,40224,0
2618,27,40251,0
2619,10,40261,0
2620,6,40267,0
2621,6,40273,0
2622,8,40281,0
2623,27,40308,0
2624,29,40337,0
2625,67,40404,0
2626,58,40462,0
2627,71,40533,0
2628,43,40576,0
2629,33,40609,0
2630,42,40651,0
2631,25,40676,0
2632,7,40683,0
2633,9,40692,0
2634,8,40700,0
2635,6,40706,0
2636,6,40712,0
2637,23,40735,0
2638,22,40757,0
2639,45,40802,0
2640,31,40833,0
2641,6,40839,0
2642,26,40865,0
2643,10,40875,0
2644,10,40885,0
2645,157,41042,0
2646,15,41057,0
2647,12,41069,0
2648,26,41095,0
2649,15,41110,0
2650,8,41118,0
2651,32,41150,0
2652,7,41157,0
2653,5,41162,0
2654,16,41178,0
2655,15,41193,0
2656,32,41225,0
2657,20,41245,0
2658,10,41255,0
2659,13,41268,0
2660,102,41370,0
2661,8,41378,0
2662,6,41384,0
2663,7,41391,0
2664,8,41399,0
2665,11,41410,0
2666,7,41417,0
2667,9,41426,0
2668,13,41439,0
2669,10,41449,0
2670,6,41455,0
2671,5,41460,0
2672,21,41481,0
2673,31,41512,0
2674,20,41532,0
2675,14,41546,0
2676,6,41552,0
2677,14,41566,0
2678,10,41576,0
2679,10,41586,0
2680,55,41641,0
2681,195,41836,0
2682,15,41851,0
2683,28,41879,0
2684,15,41894,0
2685,46,41940,0
2686,11,41951,0
2687,21,41972,0
2688,9,41981,0
2689,9,41990,0
2690,17,42007,0
2691,7,42014,0
2692,30,42044,0
2693,12,42056,0
2694,13,42069,0
2695,20,42089,0
2696,16,42105,0
2697,15,42120,0
2698,24,42144,0
2699,11,42155,0
2700,9,42164,0
2701,17,42181,0
2702,32,42213,0
2703,18,42231,0
2704,17,42248,0
2705,10,42258,0
2706,16,42274,0
2707,20,42294,0
2708,11,42305,0
2709,12,42317,0
2710,12,42329,0
2711,6,42335,0
2712,24,42359,0
2713,49,42408,0
2714,14,42422,0
2715,13,42435,0
2716,7,42442,0
2717,16,42458,0
2718,25,42483,0
2719,14,42497,0
2720,26,42523,0
2721,11,42534,0
2722,28,42562,0
2723,41,42603,0
2724,15,42618,0
2725,22,42640,0
2726,60,42700,0
2727,13,42713,0
2728,11,42724,0
2729,17,42741,0
2730,18,42759,0
2731,12,42771,0
2732,14,42785,0
2733,12,42797,0
2734,11,42808,0
2735,18,42826,0
2736,10,42836,0
2737,7,42843,0
2738,28,42871,0
2739,10,42881,0
2740,28,42909,0
2741,12,42921,0
2742,5,42926,0
2743,10,42936,0
2744,15,42951,0
2745,18,42969,0
2746,8,42977,0
2747,15,42992,0
2748,5,42997,0
2749,5,43002,0
2750,3,43005,0
2751,4,43009,0
2752,4,43013,0
2753,11,43024,0
2754,6,43030,0
2755,5,43035,0
2756,5,43040,0
2757,22,43062,0
2758,3,43065,0
2759,7,43072,0
2760,6,43078,0
2761,5,43083,0
2762,6,43089,0
2763,5,43094,0
2764,4,43098,0
2765,5,43103,0
2766,4,43107,0
2767,5,43112,0
2768,5,43117,0
2769,2,43119,0
2770,5,43124,0
2771,5,43129,0
2772,6,43135,0
2773,10,43145,0
2774,8,43153,0
2775,6,43159,0
2776,6,43165,0
2777,6,43171,0
2778,5,43176,0
2779,5,43181,0
2780,5,43186,0
2781,9,43195,0
2782,9,43204,0
2783,11,43215,0
2784,11,43226,0
2785,14,43240,0
2786,12,43252,0
2787,9,43261,0
2788,14,43275,0
2789,20,43295,0
2790,12,43307,0
2791,40,43347,0
2792,18,43365,0
2793,7,43372,0
2794,5,43377,0
2795,7,43384,0
2796,4,43388,0
2797,8,43396,0
2798,8,43404,0
2799,5,43409,0
2800,5,43414,0
2801,8,43422,0
2802,10,43432,0
2803,7,43439,0
2804,8,43447,0
2805,14,43461,0
2806,3,43464,0
2807,6,43470,0
2808,10,43480,0
2809,10,43490,0
2810,10,43500,0
2811,7,43507,0
2812,21,43528,0
2813,21,43549,0
2814,10,43559,0
2815,45,43604,0
2816,27,43631,0
2817,23,43654,0
2818,18,43672,0
2819,18,43690,0
2820,18,43708,0
2821,22,43730,0
2822,52,43782,0
2823,40,43822,0
2824,40,43862,0
2825,22,43884,0
2826,11,43895,0
2827,16,43911,0
2828,18,43929,0
2829,12,43941,0
2830,24,43965,0
2831,26,43991,0
2832,13,44004,0
2833,36,44040,0
2834,21,44061,0
2835,39,44100,0
2836,28,44128,0
2837,16,44144,0
2838,14,44158,0
2839,15,44173,0
2840,34,44207,0
2841,23,44230,0
2842,41,44271,0
2843,24,44295,0
2844,37,44332,0
2845,108,44440,0
2846,83,44523,0
2847,16,44539,0
2848,42,44581,0
2849,23,44604,0
2850,29,44633,0
2851,21,44654,0
2852,23,44677,0
2853,22,44699,0
2854,24,44723,0
2855,16,44739,0
2856,11,44750,0
2857,10,44760,0
2858,18,44778,0
2859,19,44797,0
2860,37,44834,0
2861,31,44865,0
2862,18,44883,0
2863,20,44903,0
2864,28,44931,0
2865,18,44949,0
2866,25,44974,0
2867,28,45002,0
2868,25,45027,0
2869,21,45048,0
2870,38,45086,0
2871,32,45118,0
2872,23,45141,0
2873,24,45165,0
2874,26,45191,0
2875,70,45261,0
2876,38,45299,0
2877,49,45348,0
2878,17,45365,0
2879,16,45381,0
2880,14,45395,0
2881,18,45413,0
2882,45,45458,0
2883,25,45483,0
2884,29,45512,0
2885,42,45554,0
2886,11,45565,0
2887,37,45602,0
2888,20,45622,0
2889,41,45663,0
2890,11,45674,0
2891,14,45688,0
2892,20,45708,0
2893,13,45721,0
2894,8,45729,0
2895,18,45747,0
2896,8,45755,0
2897,5,45760,0
2898,5,45765,0
2899,5,45770,0
2900,4,45774,0
2901,7,45781,0
2902,5,45786,0
2903,6,45792,0
2904,7,45799,0
2905,5,45804,0
2906,3,45807,0
2907,7,45814,0
2908,3,45817,0
2909,6,45823,0
2910,7,45830,0
2911,5,45835,0
2912,3,45838,0
2913,4,45842,0
2914,4,45846,0
2915,5,45851,0
2916,11,45862,0
2917,16,45878,0
2918,8,45886,0
2919,40,45926,0
2920,57,45983,0
2921,40,46023,0
2922,41,46064,0
2923,60,46124,0
2924,11,46135,0
2925,16,46151,0
2926,10,46161,0
2927,7,46168,0
2928,5,46173,0
2929,4,46177,0
2930,8,46185,0
2931,10,46195,0
2932,80,46275,0
2933,21,46296,0
2934,22,46318,0
2935,50,46368,0
2936,73,46441,0
2937,21,46462,0
2938,10,46472,0
2939,11,46483,0
2940,55,46538,0
2941,17,46555,0
2942,44,46599,0
2943,21,46620,0
2944,11,46631,0
2945,17,46648,0
2946,10,46658,0
2947,11,46669,0
2948,11,46680,0
2949,11,46691,0
2950,19,46710,0
2951,12,46722,0
2952,12,46734,0
2953,7,46741,0
2954,14,46755,0
2955,35,46790,0
2956,13,46803,0
2957,50,46853,0
2958,17,46870,0
2959,11,46881,0
2960,9,46890,0
2961,8,46898,0
2962,13,46911,0
2963,27,46938,0
2964,11,46949,0
2965,15,46964,0
2966,13,46977,0
2967,6,46983,0
2968,10,46993,0
2969,25,47018,0
2970,31,47049,0
2971,28,47077,0
2972,18,47095,0
2973,43,47138,0
2974,23,47161,0
2975,19,47180,0
2976,16,47196,0
2977,15,47211,0
2978,63,47274,0
2979,17,47291,0
2980,10,47301,0
2981,32,47333,0
2982,14,47347,0
2983,21,47368,0
2984,31,47399,0
2985,14,47413,0
2986,11,47424,0
2987,27,47451,0
2988,20,47471,0
2989,57,47528,0
2990,30,47558,0
2991,11,47569,0
2992,21,47590,0
2993,35,47625,0
2994,66,47691,0
2995,19,47710,0
2996,8,47718,0
2997,9,47727,0
2998,30,47757,0
2999,7,47764,0
3000,19,47783,0
3001,98,47881,0
3002,10,47891,0
3003,8,47899,0
3004,5,47904,0
3005,4,47908,0
3006,5,47913,0
3007,3,47916,0
3008,5,47921,0
3009,4,47925,0
3010,5,47930,0
3011,5,47935,0
3012,5,47940,0
3013,7,47947,0
3014,7,47954,0
3015,3,47957,0
3016,4,47961,0
3017,4,47965,0
3018,4,47969,0
3019,3,47972,0
3020,4,47976,0
3021,5,47981,0
3022,4,47985,0
3023,5,47990,0
3024,3,47993,0
3025,9,48002,0
3026,5,48007,0
3027,9,48016,0
3028,5,48021,0
3029,6,48027,0
3030,5,48032,0
3031,4,48036,0
3032,6,48042,0
3033,6,48048,0
3034,6,48054,0
3035,7,48061,0
3036,5,48066,0
3037,5,48071,0
3038,8,48079,0
3039,5,48084,0
3040,6,48090,0
3041,4,48094,0
3042,8,48102,0
3043,5,48107,0
3044,7,48114,0
3045,8,48122,0
3046,6,48128,0
3047,10,48138,0
3048,5,48143,0
3049,7,48150,0
3050,11,48161,0
3051,8,48169,0
3052,5,48174,0
3053,6,48180,0
3054,8,48188,0
3055,16,48204,0
3056,13,48217,0
3057,18,48235,0
3058,6,48241,0
3059,7,48248,0
3060,24,48272,0
3061,6,48278,0
3062,5,48283,0
3063,5,48288,0
3064,7,48295,0
3065,7,48302,0
3066,5,48307,0
3067,4,48311,0
3068,7,48318,0
3069,12,48330,0
3070,6,48336,0
3071,6,48342,0
3072,5,48347,0
3073,24,48371,0
3074,2,48373,0
3075,8,48381,0
3076,3,48384,0
3077,4,48388,0
3078,4,48392,0
3079,5,48397,0
3080,4,48401,0
3081,7,48408,0
3082,17,48425,0
3083,10,48435,0
3084,8,48443,0
3085,20,48463,0
3086,7,48470,0
3087,5,48475,0
3088,10,48485,0
3089,9,48494,0
3090,17,48511,0
3091,8,48519,0
3092,5,48524,0
3093,3,48527,0
3094,7,48534,0
3095,5,48539,0
3096,71,48610,0
3097,3,48613,0
3098,5,48618,0
3099,8,48626,0
3100,31,48657,0
3101,40,48697,0
3102,72,48769,0
3103,5,48774,0
3104,5,48779,0
3105,5,48784,0
3106,6,48790,0
3107,20,48810,0
3108,9,48819,0
3109,5,48824,0
3110,10,48834,0
3111,6,48840,0
3112,5,48845,0
3113,5,48850,0
3114,6,48856,0
3115,4,48860,0
3116,4,48864,0
3117,4,48868,0
3118,5,48873,0
3119,4,48877,0
3120,5,48882,0
3121,4,48886,0
3122,5,48891,0
3123,5,48896,0
3124,6,48902,0
3125,7,48909,0
3126,7,48916,0
3127,5,48921,0
3128,9,48930,0
3129,6,48936,0
3130,4,48940,0
3131,5,48945,0
3132,8,48953,0
3133,8,48961,0
3134,6,48967,0
3135,6,48973,0
3136,5,48978,0
3137,22,49000,0
3138,11,49011,0
3139,15,49026,0
3140,21,49047,0
3141,5,49052,0
3142,6,49058,0
3143,6,49064,0
3144,7,49071,0
3145,5,49076,0
3146,15,49091,0
3147,16,49107,0
3148,16,49123,0
3149,20,49143,0
3150,25,49168,0
3151,6,49174,0
3152,6,49180,0
3153,8,49188,0
3154,5,49193,0
3155,5,49198,0
3156,5,49203,0
3157,5,49208,0
3158,3,49211,0
3159,5,49216,0
3160,4,49220,0
3161,4,49224,0
3162,4,49228,0
3163,8,49236,0
3164,3,49239,0
3165,4,49243,0
3166,3,49246,0
3167,5,49251,0
3168,4,49255,0
3169,5,49260,0
3170,6,49266,0
3171,5,49271,0
3172,6,49277,0
3173,7,49284,0
3174,3,49287,0
3175,5,49292,0
3176,4,49296,0
3177,6,49302,0
3178,8,49310,0
3179,6,49316,0
3180,14,49330,0
3181,5,49335,0
3182,6,49341,0
3183,26,49367,0
3184,13,49380,0
3185,5,49385,0
3186,3,49388,0
3187,7,49395,0
3188,5,49400,0
3189,4,49404,0
3190,7,49411,0
3191,4,49415,0
3192,5,49420,0
3193,7,49427,0
3194,5,49432,0
3195,3,49435,0
3196,5,49440,0
3197,5,49445,0
3198,5,49450,0
3199,9,49459,0
3200,6,49465,0
3201,4,49469,0
3202,6,49475,0
3203,6,49481,0
3204,5,49486,0
3205,8,49494,0
3206,6,49500,0
3207,6,49506,0
3208,18,49524,0
3209,6,49530,0
3210,15,49545,0
3211,6,49551,0
3212,4,49555,0
3213,6,49561,0
3214,5,49566,0
3215,43,49609,0
3216,30,49639,0
3217,31,49670,0
3218,15,49685,0
3219,10,49695,0
3220,13,49708,0
3221,13,49721,0
3222,5,49726,0
3223,2,49728,0
3224,4,49732,0
3225,6,49738,0
3226,7,49745,0
3227,6,49751,0
3228,19,49770,0
3229,9,49779,0
3230,25,49804,0
3231,15,49819,0
3232,7,49826,0
3233,5,49831,0
3234,5,49836,0
3235,25,49861,0
3236,21,49882,0
3237,108,49990,0
3238,34,50024,0
3239,20,50044,0
3240,17,50061,0
3241,45,50106,0
3242,14,50120,0
3243,4,50124,0
3244,5,50129,0
3245,4,50133,0
3246,5,50138,0
3247,5,50143,0
3248,19,50162,0
3249,17,50179,0
3250,6,50185,0
3251,25,50210,0
3252,4,50214,0
3253,6,50220,0
3254,5,50225,0
3255,10,50235,0
3256,5,50240,0
3257,5,50245,0
3258,4,50249,0
3259,4,50253,0
3260,4,50257,0
3261,3,50260,0
3262,4,50264,0
3263,4,50268,0
3264,3,50271,0
3265,4,50275,0
3266,5,50280,0
3267,4,50284,0
3268,4,50288,0
3269,5,50293,0
3270,5,50298,0
3271,6,50304,0
3272,4,50308,0
3273,5,50313,0
3274,5,50318,0
3275,3,50321,0
3276,4,50325,0
3277,9,50334,0
3278,11,50345,0
3279,6,50351,0
3280,16,50367,0
3281,9,50376,0
3282,24,50400,0
3283,10,50410,0
3284,9,50419,0
3285,12,50431,0
3286,7,50438,0
3287,8,50446,0
3288,6,50452,0
3289,8,50460,0
3290,20,50480,0
3291,6,50486,0
3292,6,50492,0
3293,8,50500,0
3294,8,50508,0
3295,5,50513,0
3296,10,50523,0
3297,30,50553,0
3298,53,50606,0
3299,19,50625,0
3300,23,50648,0
3301,62,50710,0
3302,13,50723,0
3303,38,50761,0
3304,15,50776,0
3305,9,50785,0
3306,43,50828,0
3307,14,50842,0
3308,39,50881,0
3309,7,50888,0
3310,5,50893,0
3311,14,50907,0
3312,11,50918,0
3313,11,50929,0
3314,9,50938,0
3315,5,50943,0
3316,13,50956,0
3317,6,50962,0
3318,11,50973,0
3319,19,50992,0
3320,7,50999,0
3321,99,51098,0
3322,27,51125,0
3323,54,51179,0
3324,13,51192,0
3325,20,51212,0
3326,27,51239,0
3327,84,51323,0
3328,25,51348,0
3329,10,51358,0
3330,25,51383,0
3331,11,51394,0
3332,5,51399,0
3333,8,51407,0
3334,7,51414,0
3335,10,51424,0
3336,36,51460,0
3337,45,51505,0
3338,46,51551,0
3339,15,51566,0
3340,20,51586,0
3341,50,51636,0
3342,45,51681,0
3343,25,51706,0
3344,40,51746,0
3345,17,51763,0
3346,44,51807,0
3347,15,51822,0
3348,32,51854,0
3349,16,51870,0
3350,60,51930,0
3351,86,52016,0
3352,14,52030,0
3353,45,52075,0
3354,14,52089,0
3355,20,52109,0
3356,13,52122,0
3357,14,52136,0
3358,10,52146,0
3359,30,52176,0
3360,9,52185,0
3361,10,52195,0
3362,15,52210,0
3363,12,52222,0
3364,54,52276,0
3365,11,52287,0
3366,20,52307,0
3367,12,52319,0
3368,28,52347,0
3369,15,52362,0
3370,33,52395,0
3371,9,52404,0
3372,18,52422,0
3373,15,52437,0
3374,11,52448,0
3375,11,52459,0
3376,6,52465,0
3377,6,52471,0
3378,5,52476,0
3379,5,52481,0
3380,7,52488,0
3381,3,52491,0
3382,7,52498,0
3383,6,52504,0
3384,6,52510,0
3385,8,52518,0
3386,7,52525,0
3387,8,52533,0
3388,17,52550,0
3389,8,52558,0
3390,36,52594,0
3391,7,52601,0
3392,8,52609,0
3393,7,52616,0
3394,6,52622,0
3395,38,52660,0
3396,11,52671,0
3397,10,52681,0
3398,36,52717,0
3399,16,52733,0
3400,9,52742,0
3401,13,52755,0
3402,7,52762,0
3403,9,52771,0
3404,11,52782,0
3405,11,52793,0
3406,6,52799,0
3407,9,52808,0
3408,8,52816,0
3409,7,52823,0
3410,15,52838,0
3411,9,52847,0
3412,9,52856,0
3413,18,52874,0
3414,12,52886,0
3415,26,52912,0
3416,17,52929,0
3417,19,52948,0
3418,10,52958,0
3419,16,52974,0
3420,56,53030,0
3421,51,53081,0
3422,14,53095,0
3423,29,53124,0
3424,111,53235,0
3425,34,53269,0
3426,23,53292,0
3427,36,53328,0
3428,14,53342,0
3429,49,53391,0
3430,254,53645,0
3431,41,53686,0
3432,27,53713,0
3433,21,53734,0
3434,15,53749,0
3435,9,53758,0
3436,9,53767,0
3437,30,53797,0
3438,20,53817,0
3439,17,53834,0
3440,11,53845,0
3441,13,53858,0
3442,11,53869,0
3443,14,53883,0
3444,6,53889,0
3445,19,53908,0
3446,18,53926,0
3447,13,53939,0
3448,30,53969,0
3449,39,54008,0
3450,29,54037,0
3451,19,54056,0
3452,34,54090,0
3453,15,54105,0
3454,23,54128,0
3455,23,54151,0
3456,53,54204,0
3457,32,54236,0
3458,25,54261,0
3459,32,54293,0
3460,34,54327,0
3461,38,54365,0
3462,18,54383,0
3463,35,54418,0
3464,21,54439,0
3465,9,54448,0
3466,10,54458,0
3467,10,54468,0
3468,37,54505,0
3469,19,54524,0
3470,16,54540,0
3471,24,54564,0
3472,19,54583,0
3473,12,54595,0
3474,8,54603,0
3475,12,54615,0
3476,6,54621,0
3477,5,54626,0
3478,10,54636,0
3479,7,54643,0
3480,10,54653,0
3481,18,54671,0
3482,7,54678,0
3483,11,54689,0
3484,20,54709,0
3485,9,54718,0
3486,10,54728,0
3487,26,54754,0
3488,8,54762,0
3489,21,54783,0
3490,10,54793,0
3491,32,54825,0
3492,25,54850,0
3493,24,54874,0
3494,9,54883,0
3495,41,54924,0
3496,137,55061,0
3497,19,55080,0
3498,35,55115,0
3499,34,55149,0
3500,17,55166,0
3501,19,55185,0
3502,46,55231,0
3503,8,55239,0
3504,14,55253,0
3505,34,55287,0
